
23867
23492
23741
24032
23685
23686
23644
23324
23753
23350
23585
23583
23633
23672
23735
24029
23596
23597
23783
23561
23552
23399
23347
23345
23340
23993
24009
23748
23974
23586
23579
23360
23567
23608
23609
23389
23437
23456
23845
24039
23762
23840
23346
23366
23839
23457
23591
23985
23889
23841
23604
23603
23878
23977
23624
23655
23844
23449
23960
23968
24037
23625
23931
23731
23827
24031
24016
23421
23502
23435
23375
23750
23792
23613
23490
23951
23785
23454
23914
23972
23569
23905
23926
23477
23838
23759
23963
23802
23429
23353
23769
23621
23687
23588
23868
23978
23923
23928
23576
23834
23669
23498
23524
23679
23495
23556
23571
23830
23818
24020
24001
23528
23801
23805
23791
23775
23629
23660
23744
23934
23946
23943
23376
23632
23554
23594
23577
23402
23798
23520
23619
23828
23904
23711
23950
23362
23716
23411
23808
23377
23323
23356
23939
23855
23881
23882
23667
23527
23329
23486
23857
23332
23813
23873
23698
23739
23673
23990
23681
24047
23500
23511
23574
23575
23742
23361
23615
23616
24010
23652
23653
23418
23663
23976
23665
23886
23811
23380
23971
24098
23427
24014
23508
24003
23365
23513
23823
23708
23572
23717
23702
23558
23636
23671
24015
23921
23919
24040
23836
23767
23768
24000
23565
23975
23779
23778