
23741
23457
23492
23324
23399
23340
23783
23753
23624
23563
23564
23347
23985
23585
23583
23366
23838
23972
23685
23603
23579
23345
23841
23679
23490
23960
23625
23437
23968
23963
23655
23591
23565
24031
23608
23878
23392
23889
23802
23845
23456
23791
24032
23576
23389
23346
23839
23449
23644
23411
23418
23792
23855
23586
23769
23759
23867
24037
23435
23594
23375
23857
23660
23840
23350
23735
23823
23356
23914
23596
23669
23949
23502
23498
23744
23554
24019
23762
23716
23926
23731
23699
23698
23421
23477
23561
24009
23775
23978
24013
23549
23811
23844
24098
23690
23352
23332
23588
23905
23511
23807
23801
23631
23663
23873
23881
24047
23524
23528
23691
23419
23629
23680
23717
23486
23748
23745
23661
24039
23523
23521
23692
23693
23615
23552
23975
23429
23798
23943
23923
23695
23696
23527
23686
23323
23445
23522
23856
23877
23990
24003
23989
23896
24010
23904
23597
23409
23974
23977
23551