
23744
23421
23324
23679
23680
23753
23741
23968
23985
23345
23366
23840
23347
23585
23583
23960
23791
23785
24037
24032
23972
23841
24098
23492
23596
23411
23820
23802
23759
23792
23845
23591
23655
23624
23783
23399
23839
23735
23449
24039
23818
23594
23477
23437
23350
23579
23644
23498
23686
23926
24031
23603
23340
23356
23633
23376
23769
23389
23435
23934
23867
23878
23838
23346
23857
23798
23456
23762
23855
23524
23811
23323
23467
23528
23873
23914
23576
23881
23882
23625
23561
23978
23521
23586
23577
23963
23409
23552
23608
23362
23905
23352
23502
23668
23395
24003
23457
24047
23739
23775
23731
23432
23569
24009
23813
23859
23877
24574
23746
23745
23527
23801
23660
23665
23869
23889
23663
23418
23971
23923
23942
23767
23887
23949
23490
23408
23904
23392
23631
23419
23974
24029
23832
23470
23495
23894
23748
23354
23588
23630
23661
23975
23572
23571
24015
23837
23429
23522
23380
23890
23749
23990
23955
23828
23874
23623
23597
23777
23551
23535
23805
24010
23358
23827
23950
23844
23332
23687
23564
23708
24020
23609
24036
23943
23375
24095
23360
23567
23672
23695
23768
23676
23549
23434
23515
23830
23558
23795
23629
23763
23834
23570
23940
23941
23886
23685
23613