
23457, 23492
23563, 23564
23585, 23583
23624, 23625
23960, 23963
23591, 23655
23340, 23324
23346, 23324
23579, 23644
23644, 23583
23418, 23411
23389, 23366
23586, 23579
23594, 23591
23857, 23375
23655, 23591
23753, 23823
23669, 23591
23579, 23591
23586, 23594
23498, 23502
23324, 23340
23347, 23350
23698, 23699
23978, 23972
23985, 24013
23844, 23845
23579, 23583
23663, 23631
23366, 23399
23528, 23524
23456, 23437
23690, 23691
23660, 23629
23680, 23679
23716, 23717
23585, 23579
23449, 23437
23644, 23655
23521, 23523
23692, 23693
23696, 23695
23323, 24003
23960, 23323
23596, 23597
23977, 23975